{
 "cells": [
  {
   "cell_type": "code",
   "execution_count": 1,
   "id": "bc657817",
   "metadata": {},
   "outputs": [
    {
     "name": "stderr",
     "output_type": "stream",
     "text": [
      "100%|██████████████████████████████████████████████████████████████████████████████████████████████████████████████████████| 25/25 [00:06<00:00,  4.00it/s]\n"
     ]
    },
    {
     "data": {
      "text/html": [
       "<div>\n",
       "<style scoped>\n",
       "    .dataframe tbody tr th:only-of-type {\n",
       "        vertical-align: middle;\n",
       "    }\n",
       "\n",
       "    .dataframe tbody tr th {\n",
       "        vertical-align: top;\n",
       "    }\n",
       "\n",
       "    .dataframe thead th {\n",
       "        text-align: right;\n",
       "    }\n",
       "</style>\n",
       "<table border=\"1\" class=\"dataframe\">\n",
       "  <thead>\n",
       "    <tr style=\"text-align: right;\">\n",
       "      <th></th>\n",
       "      <th>CDD_BACSU</th>\n",
       "      <th>CDD_HUMAN</th>\n",
       "      <th>CDD_MYCGE</th>\n",
       "      <th>CDD_MYCPI</th>\n",
       "      <th>CDD_MOUSE</th>\n",
       "      <th>CDD_MYCPN</th>\n",
       "      <th>CDD_YEAST</th>\n",
       "      <th>CDD_SCHPO</th>\n",
       "      <th>CDD_DICDI</th>\n",
       "      <th>CDD_BACHD</th>\n",
       "      <th>...</th>\n",
       "      <th>CDD_VIBC3</th>\n",
       "      <th>CDD_HAEIE</th>\n",
       "      <th>CDD_HAEIG</th>\n",
       "      <th>CDD_KLEP7</th>\n",
       "      <th>CDD_YERP3</th>\n",
       "      <th>CDD_CROS8</th>\n",
       "      <th>CDD_VIBCB</th>\n",
       "      <th>CDD_ECO24</th>\n",
       "      <th>CDD_ECOHS</th>\n",
       "      <th>CDD_CITK8</th>\n",
       "    </tr>\n",
       "  </thead>\n",
       "  <tbody>\n",
       "    <tr>\n",
       "      <th>CDD_BACSU</th>\n",
       "      <td>1.000000</td>\n",
       "      <td>0.520548</td>\n",
       "      <td>0.411765</td>\n",
       "      <td>0.477941</td>\n",
       "      <td>0.506849</td>\n",
       "      <td>0.426471</td>\n",
       "      <td>0.492958</td>\n",
       "      <td>0.492647</td>\n",
       "      <td>0.503401</td>\n",
       "      <td>0.654412</td>\n",
       "      <td>...</td>\n",
       "      <td>0.267797</td>\n",
       "      <td>0.250000</td>\n",
       "      <td>0.253425</td>\n",
       "      <td>0.251701</td>\n",
       "      <td>0.238095</td>\n",
       "      <td>0.248299</td>\n",
       "      <td>0.254237</td>\n",
       "      <td>0.255102</td>\n",
       "      <td>0.255102</td>\n",
       "      <td>0.248299</td>\n",
       "    </tr>\n",
       "    <tr>\n",
       "      <th>CDD_HUMAN</th>\n",
       "      <td>0.520548</td>\n",
       "      <td>1.000000</td>\n",
       "      <td>0.397260</td>\n",
       "      <td>0.452055</td>\n",
       "      <td>0.815068</td>\n",
       "      <td>0.424658</td>\n",
       "      <td>0.472603</td>\n",
       "      <td>0.520548</td>\n",
       "      <td>0.544218</td>\n",
       "      <td>0.479452</td>\n",
       "      <td>...</td>\n",
       "      <td>0.254237</td>\n",
       "      <td>0.267123</td>\n",
       "      <td>0.263699</td>\n",
       "      <td>0.248299</td>\n",
       "      <td>0.248299</td>\n",
       "      <td>0.261905</td>\n",
       "      <td>0.261017</td>\n",
       "      <td>0.251701</td>\n",
       "      <td>0.251701</td>\n",
       "      <td>0.244898</td>\n",
       "    </tr>\n",
       "    <tr>\n",
       "      <th>CDD_MYCGE</th>\n",
       "      <td>0.411765</td>\n",
       "      <td>0.397260</td>\n",
       "      <td>1.000000</td>\n",
       "      <td>0.496241</td>\n",
       "      <td>0.376712</td>\n",
       "      <td>0.676692</td>\n",
       "      <td>0.443662</td>\n",
       "      <td>0.451128</td>\n",
       "      <td>0.394558</td>\n",
       "      <td>0.416667</td>\n",
       "      <td>...</td>\n",
       "      <td>0.237288</td>\n",
       "      <td>0.256849</td>\n",
       "      <td>0.253425</td>\n",
       "      <td>0.214286</td>\n",
       "      <td>0.224490</td>\n",
       "      <td>0.231293</td>\n",
       "      <td>0.233898</td>\n",
       "      <td>0.234694</td>\n",
       "      <td>0.238095</td>\n",
       "      <td>0.221088</td>\n",
       "    </tr>\n",
       "    <tr>\n",
       "      <th>CDD_MYCPI</th>\n",
       "      <td>0.477941</td>\n",
       "      <td>0.452055</td>\n",
       "      <td>0.496241</td>\n",
       "      <td>1.000000</td>\n",
       "      <td>0.445205</td>\n",
       "      <td>0.496241</td>\n",
       "      <td>0.478873</td>\n",
       "      <td>0.496241</td>\n",
       "      <td>0.448980</td>\n",
       "      <td>0.488722</td>\n",
       "      <td>...</td>\n",
       "      <td>0.230508</td>\n",
       "      <td>0.250000</td>\n",
       "      <td>0.250000</td>\n",
       "      <td>0.227891</td>\n",
       "      <td>0.231293</td>\n",
       "      <td>0.231293</td>\n",
       "      <td>0.244068</td>\n",
       "      <td>0.244898</td>\n",
       "      <td>0.244898</td>\n",
       "      <td>0.238095</td>\n",
       "    </tr>\n",
       "    <tr>\n",
       "      <th>CDD_MOUSE</th>\n",
       "      <td>0.506849</td>\n",
       "      <td>0.815068</td>\n",
       "      <td>0.376712</td>\n",
       "      <td>0.445205</td>\n",
       "      <td>1.000000</td>\n",
       "      <td>0.404110</td>\n",
       "      <td>0.465753</td>\n",
       "      <td>0.486301</td>\n",
       "      <td>0.537415</td>\n",
       "      <td>0.486301</td>\n",
       "      <td>...</td>\n",
       "      <td>0.271186</td>\n",
       "      <td>0.246575</td>\n",
       "      <td>0.246575</td>\n",
       "      <td>0.255102</td>\n",
       "      <td>0.251701</td>\n",
       "      <td>0.255102</td>\n",
       "      <td>0.267797</td>\n",
       "      <td>0.255102</td>\n",
       "      <td>0.255102</td>\n",
       "      <td>0.251701</td>\n",
       "    </tr>\n",
       "    <tr>\n",
       "      <th>CDD_MYCPN</th>\n",
       "      <td>0.426471</td>\n",
       "      <td>0.424658</td>\n",
       "      <td>0.676692</td>\n",
       "      <td>0.496241</td>\n",
       "      <td>0.404110</td>\n",
       "      <td>1.000000</td>\n",
       "      <td>0.415493</td>\n",
       "      <td>0.458647</td>\n",
       "      <td>0.414966</td>\n",
       "      <td>0.443609</td>\n",
       "      <td>...</td>\n",
       "      <td>0.227119</td>\n",
       "      <td>0.239726</td>\n",
       "      <td>0.239726</td>\n",
       "      <td>0.231293</td>\n",
       "      <td>0.214286</td>\n",
       "      <td>0.221088</td>\n",
       "      <td>0.230508</td>\n",
       "      <td>0.231293</td>\n",
       "      <td>0.231293</td>\n",
       "      <td>0.224490</td>\n",
       "    </tr>\n",
       "    <tr>\n",
       "      <th>CDD_YEAST</th>\n",
       "      <td>0.492958</td>\n",
       "      <td>0.472603</td>\n",
       "      <td>0.443662</td>\n",
       "      <td>0.478873</td>\n",
       "      <td>0.465753</td>\n",
       "      <td>0.415493</td>\n",
       "      <td>1.000000</td>\n",
       "      <td>0.514085</td>\n",
       "      <td>0.448980</td>\n",
       "      <td>0.436620</td>\n",
       "      <td>...</td>\n",
       "      <td>0.247458</td>\n",
       "      <td>0.253425</td>\n",
       "      <td>0.253425</td>\n",
       "      <td>0.238095</td>\n",
       "      <td>0.234694</td>\n",
       "      <td>0.234694</td>\n",
       "      <td>0.264407</td>\n",
       "      <td>0.244898</td>\n",
       "      <td>0.241497</td>\n",
       "      <td>0.241497</td>\n",
       "    </tr>\n",
       "    <tr>\n",
       "      <th>CDD_SCHPO</th>\n",
       "      <td>0.492647</td>\n",
       "      <td>0.520548</td>\n",
       "      <td>0.451128</td>\n",
       "      <td>0.496241</td>\n",
       "      <td>0.486301</td>\n",
       "      <td>0.458647</td>\n",
       "      <td>0.514085</td>\n",
       "      <td>1.000000</td>\n",
       "      <td>0.469388</td>\n",
       "      <td>0.488722</td>\n",
       "      <td>...</td>\n",
       "      <td>0.237288</td>\n",
       "      <td>0.229452</td>\n",
       "      <td>0.229452</td>\n",
       "      <td>0.231293</td>\n",
       "      <td>0.224490</td>\n",
       "      <td>0.234694</td>\n",
       "      <td>0.244068</td>\n",
       "      <td>0.238095</td>\n",
       "      <td>0.238095</td>\n",
       "      <td>0.227891</td>\n",
       "    </tr>\n",
       "    <tr>\n",
       "      <th>CDD_DICDI</th>\n",
       "      <td>0.503401</td>\n",
       "      <td>0.544218</td>\n",
       "      <td>0.394558</td>\n",
       "      <td>0.448980</td>\n",
       "      <td>0.537415</td>\n",
       "      <td>0.414966</td>\n",
       "      <td>0.448980</td>\n",
       "      <td>0.469388</td>\n",
       "      <td>1.000000</td>\n",
       "      <td>0.482993</td>\n",
       "      <td>...</td>\n",
       "      <td>0.257627</td>\n",
       "      <td>0.256849</td>\n",
       "      <td>0.256849</td>\n",
       "      <td>0.258503</td>\n",
       "      <td>0.255102</td>\n",
       "      <td>0.244898</td>\n",
       "      <td>0.261017</td>\n",
       "      <td>0.265306</td>\n",
       "      <td>0.265306</td>\n",
       "      <td>0.248299</td>\n",
       "    </tr>\n",
       "    <tr>\n",
       "      <th>CDD_BACHD</th>\n",
       "      <td>0.654412</td>\n",
       "      <td>0.479452</td>\n",
       "      <td>0.416667</td>\n",
       "      <td>0.488722</td>\n",
       "      <td>0.486301</td>\n",
       "      <td>0.443609</td>\n",
       "      <td>0.436620</td>\n",
       "      <td>0.488722</td>\n",
       "      <td>0.482993</td>\n",
       "      <td>1.000000</td>\n",
       "      <td>...</td>\n",
       "      <td>0.257627</td>\n",
       "      <td>0.239726</td>\n",
       "      <td>0.246575</td>\n",
       "      <td>0.248299</td>\n",
       "      <td>0.238095</td>\n",
       "      <td>0.248299</td>\n",
       "      <td>0.250847</td>\n",
       "      <td>0.251701</td>\n",
       "      <td>0.251701</td>\n",
       "      <td>0.248299</td>\n",
       "    </tr>\n",
       "    <tr>\n",
       "      <th>CDD_SPOPS</th>\n",
       "      <td>0.661765</td>\n",
       "      <td>0.520548</td>\n",
       "      <td>0.448529</td>\n",
       "      <td>0.492647</td>\n",
       "      <td>0.513699</td>\n",
       "      <td>0.470588</td>\n",
       "      <td>0.457746</td>\n",
       "      <td>0.500000</td>\n",
       "      <td>0.510204</td>\n",
       "      <td>0.625000</td>\n",
       "      <td>...</td>\n",
       "      <td>0.257627</td>\n",
       "      <td>0.260274</td>\n",
       "      <td>0.263699</td>\n",
       "      <td>0.248299</td>\n",
       "      <td>0.241497</td>\n",
       "      <td>0.258503</td>\n",
       "      <td>0.257627</td>\n",
       "      <td>0.251701</td>\n",
       "      <td>0.251701</td>\n",
       "      <td>0.244898</td>\n",
       "    </tr>\n",
       "    <tr>\n",
       "      <th>CDD_AERHH</th>\n",
       "      <td>0.255973</td>\n",
       "      <td>0.249147</td>\n",
       "      <td>0.225256</td>\n",
       "      <td>0.228669</td>\n",
       "      <td>0.255973</td>\n",
       "      <td>0.238908</td>\n",
       "      <td>0.259386</td>\n",
       "      <td>0.232082</td>\n",
       "      <td>0.245734</td>\n",
       "      <td>0.249147</td>\n",
       "      <td>...</td>\n",
       "      <td>0.542373</td>\n",
       "      <td>0.525597</td>\n",
       "      <td>0.529010</td>\n",
       "      <td>0.605442</td>\n",
       "      <td>0.585034</td>\n",
       "      <td>0.585034</td>\n",
       "      <td>0.555932</td>\n",
       "      <td>0.602041</td>\n",
       "      <td>0.605442</td>\n",
       "      <td>0.581633</td>\n",
       "    </tr>\n",
       "    <tr>\n",
       "      <th>CDD_ECOK1</th>\n",
       "      <td>0.255102</td>\n",
       "      <td>0.251701</td>\n",
       "      <td>0.234694</td>\n",
       "      <td>0.244898</td>\n",
       "      <td>0.255102</td>\n",
       "      <td>0.231293</td>\n",
       "      <td>0.238095</td>\n",
       "      <td>0.238095</td>\n",
       "      <td>0.265306</td>\n",
       "      <td>0.255102</td>\n",
       "      <td>...</td>\n",
       "      <td>0.545763</td>\n",
       "      <td>0.544218</td>\n",
       "      <td>0.540816</td>\n",
       "      <td>0.833333</td>\n",
       "      <td>0.659864</td>\n",
       "      <td>0.734694</td>\n",
       "      <td>0.559322</td>\n",
       "      <td>0.993197</td>\n",
       "      <td>0.996599</td>\n",
       "      <td>0.887755</td>\n",
       "    </tr>\n",
       "    <tr>\n",
       "      <th>CDD_YERPP</th>\n",
       "      <td>0.238095</td>\n",
       "      <td>0.248299</td>\n",
       "      <td>0.224490</td>\n",
       "      <td>0.231293</td>\n",
       "      <td>0.251701</td>\n",
       "      <td>0.214286</td>\n",
       "      <td>0.234694</td>\n",
       "      <td>0.224490</td>\n",
       "      <td>0.255102</td>\n",
       "      <td>0.238095</td>\n",
       "      <td>...</td>\n",
       "      <td>0.572881</td>\n",
       "      <td>0.544218</td>\n",
       "      <td>0.540816</td>\n",
       "      <td>0.636054</td>\n",
       "      <td>1.000000</td>\n",
       "      <td>0.683673</td>\n",
       "      <td>0.566102</td>\n",
       "      <td>0.666667</td>\n",
       "      <td>0.663265</td>\n",
       "      <td>0.666667</td>\n",
       "    </tr>\n",
       "    <tr>\n",
       "      <th>CDD_ENT38</th>\n",
       "      <td>0.251701</td>\n",
       "      <td>0.258503</td>\n",
       "      <td>0.231293</td>\n",
       "      <td>0.238095</td>\n",
       "      <td>0.261905</td>\n",
       "      <td>0.224490</td>\n",
       "      <td>0.231293</td>\n",
       "      <td>0.231293</td>\n",
       "      <td>0.255102</td>\n",
       "      <td>0.248299</td>\n",
       "      <td>...</td>\n",
       "      <td>0.542373</td>\n",
       "      <td>0.561224</td>\n",
       "      <td>0.561224</td>\n",
       "      <td>0.840136</td>\n",
       "      <td>0.680272</td>\n",
       "      <td>0.765306</td>\n",
       "      <td>0.559322</td>\n",
       "      <td>0.863946</td>\n",
       "      <td>0.867347</td>\n",
       "      <td>0.884354</td>\n",
       "    </tr>\n",
       "    <tr>\n",
       "      <th>CDD_VIBC3</th>\n",
       "      <td>0.267797</td>\n",
       "      <td>0.254237</td>\n",
       "      <td>0.237288</td>\n",
       "      <td>0.230508</td>\n",
       "      <td>0.271186</td>\n",
       "      <td>0.227119</td>\n",
       "      <td>0.247458</td>\n",
       "      <td>0.237288</td>\n",
       "      <td>0.257627</td>\n",
       "      <td>0.257627</td>\n",
       "      <td>...</td>\n",
       "      <td>1.000000</td>\n",
       "      <td>0.505085</td>\n",
       "      <td>0.501695</td>\n",
       "      <td>0.545763</td>\n",
       "      <td>0.572881</td>\n",
       "      <td>0.545763</td>\n",
       "      <td>0.738983</td>\n",
       "      <td>0.545763</td>\n",
       "      <td>0.545763</td>\n",
       "      <td>0.532203</td>\n",
       "    </tr>\n",
       "    <tr>\n",
       "      <th>CDD_HAEIE</th>\n",
       "      <td>0.250000</td>\n",
       "      <td>0.267123</td>\n",
       "      <td>0.256849</td>\n",
       "      <td>0.250000</td>\n",
       "      <td>0.246575</td>\n",
       "      <td>0.239726</td>\n",
       "      <td>0.253425</td>\n",
       "      <td>0.229452</td>\n",
       "      <td>0.256849</td>\n",
       "      <td>0.239726</td>\n",
       "      <td>...</td>\n",
       "      <td>0.505085</td>\n",
       "      <td>1.000000</td>\n",
       "      <td>0.979452</td>\n",
       "      <td>0.564626</td>\n",
       "      <td>0.544218</td>\n",
       "      <td>0.551020</td>\n",
       "      <td>0.535593</td>\n",
       "      <td>0.544218</td>\n",
       "      <td>0.547619</td>\n",
       "      <td>0.544218</td>\n",
       "    </tr>\n",
       "    <tr>\n",
       "      <th>CDD_HAEIG</th>\n",
       "      <td>0.253425</td>\n",
       "      <td>0.263699</td>\n",
       "      <td>0.253425</td>\n",
       "      <td>0.250000</td>\n",
       "      <td>0.246575</td>\n",
       "      <td>0.239726</td>\n",
       "      <td>0.253425</td>\n",
       "      <td>0.229452</td>\n",
       "      <td>0.256849</td>\n",
       "      <td>0.246575</td>\n",
       "      <td>...</td>\n",
       "      <td>0.501695</td>\n",
       "      <td>0.979452</td>\n",
       "      <td>1.000000</td>\n",
       "      <td>0.561224</td>\n",
       "      <td>0.540816</td>\n",
       "      <td>0.547619</td>\n",
       "      <td>0.535593</td>\n",
       "      <td>0.540816</td>\n",
       "      <td>0.544218</td>\n",
       "      <td>0.544218</td>\n",
       "    </tr>\n",
       "    <tr>\n",
       "      <th>CDD_KLEP7</th>\n",
       "      <td>0.251701</td>\n",
       "      <td>0.248299</td>\n",
       "      <td>0.214286</td>\n",
       "      <td>0.227891</td>\n",
       "      <td>0.255102</td>\n",
       "      <td>0.231293</td>\n",
       "      <td>0.238095</td>\n",
       "      <td>0.231293</td>\n",
       "      <td>0.258503</td>\n",
       "      <td>0.248299</td>\n",
       "      <td>...</td>\n",
       "      <td>0.545763</td>\n",
       "      <td>0.564626</td>\n",
       "      <td>0.561224</td>\n",
       "      <td>1.000000</td>\n",
       "      <td>0.636054</td>\n",
       "      <td>0.727891</td>\n",
       "      <td>0.569492</td>\n",
       "      <td>0.826531</td>\n",
       "      <td>0.829932</td>\n",
       "      <td>0.840136</td>\n",
       "    </tr>\n",
       "    <tr>\n",
       "      <th>CDD_YERP3</th>\n",
       "      <td>0.238095</td>\n",
       "      <td>0.248299</td>\n",
       "      <td>0.224490</td>\n",
       "      <td>0.231293</td>\n",
       "      <td>0.251701</td>\n",
       "      <td>0.214286</td>\n",
       "      <td>0.234694</td>\n",
       "      <td>0.224490</td>\n",
       "      <td>0.255102</td>\n",
       "      <td>0.238095</td>\n",
       "      <td>...</td>\n",
       "      <td>0.572881</td>\n",
       "      <td>0.544218</td>\n",
       "      <td>0.540816</td>\n",
       "      <td>0.636054</td>\n",
       "      <td>1.000000</td>\n",
       "      <td>0.683673</td>\n",
       "      <td>0.566102</td>\n",
       "      <td>0.666667</td>\n",
       "      <td>0.663265</td>\n",
       "      <td>0.666667</td>\n",
       "    </tr>\n",
       "    <tr>\n",
       "      <th>CDD_CROS8</th>\n",
       "      <td>0.248299</td>\n",
       "      <td>0.261905</td>\n",
       "      <td>0.231293</td>\n",
       "      <td>0.231293</td>\n",
       "      <td>0.255102</td>\n",
       "      <td>0.221088</td>\n",
       "      <td>0.234694</td>\n",
       "      <td>0.234694</td>\n",
       "      <td>0.244898</td>\n",
       "      <td>0.248299</td>\n",
       "      <td>...</td>\n",
       "      <td>0.545763</td>\n",
       "      <td>0.551020</td>\n",
       "      <td>0.547619</td>\n",
       "      <td>0.727891</td>\n",
       "      <td>0.683673</td>\n",
       "      <td>1.000000</td>\n",
       "      <td>0.555932</td>\n",
       "      <td>0.731293</td>\n",
       "      <td>0.731293</td>\n",
       "      <td>0.755102</td>\n",
       "    </tr>\n",
       "    <tr>\n",
       "      <th>CDD_VIBCB</th>\n",
       "      <td>0.254237</td>\n",
       "      <td>0.261017</td>\n",
       "      <td>0.233898</td>\n",
       "      <td>0.244068</td>\n",
       "      <td>0.267797</td>\n",
       "      <td>0.230508</td>\n",
       "      <td>0.264407</td>\n",
       "      <td>0.244068</td>\n",
       "      <td>0.261017</td>\n",
       "      <td>0.250847</td>\n",
       "      <td>...</td>\n",
       "      <td>0.738983</td>\n",
       "      <td>0.535593</td>\n",
       "      <td>0.535593</td>\n",
       "      <td>0.569492</td>\n",
       "      <td>0.566102</td>\n",
       "      <td>0.555932</td>\n",
       "      <td>1.000000</td>\n",
       "      <td>0.555932</td>\n",
       "      <td>0.555932</td>\n",
       "      <td>0.545763</td>\n",
       "    </tr>\n",
       "    <tr>\n",
       "      <th>CDD_ECO24</th>\n",
       "      <td>0.255102</td>\n",
       "      <td>0.251701</td>\n",
       "      <td>0.234694</td>\n",
       "      <td>0.244898</td>\n",
       "      <td>0.255102</td>\n",
       "      <td>0.231293</td>\n",
       "      <td>0.244898</td>\n",
       "      <td>0.238095</td>\n",
       "      <td>0.265306</td>\n",
       "      <td>0.251701</td>\n",
       "      <td>...</td>\n",
       "      <td>0.545763</td>\n",
       "      <td>0.544218</td>\n",
       "      <td>0.540816</td>\n",
       "      <td>0.826531</td>\n",
       "      <td>0.666667</td>\n",
       "      <td>0.731293</td>\n",
       "      <td>0.555932</td>\n",
       "      <td>1.000000</td>\n",
       "      <td>0.996599</td>\n",
       "      <td>0.880952</td>\n",
       "    </tr>\n",
       "    <tr>\n",
       "      <th>CDD_ECOHS</th>\n",
       "      <td>0.255102</td>\n",
       "      <td>0.251701</td>\n",
       "      <td>0.238095</td>\n",
       "      <td>0.244898</td>\n",
       "      <td>0.255102</td>\n",
       "      <td>0.231293</td>\n",
       "      <td>0.241497</td>\n",
       "      <td>0.238095</td>\n",
       "      <td>0.265306</td>\n",
       "      <td>0.251701</td>\n",
       "      <td>...</td>\n",
       "      <td>0.545763</td>\n",
       "      <td>0.547619</td>\n",
       "      <td>0.544218</td>\n",
       "      <td>0.829932</td>\n",
       "      <td>0.663265</td>\n",
       "      <td>0.731293</td>\n",
       "      <td>0.555932</td>\n",
       "      <td>0.996599</td>\n",
       "      <td>1.000000</td>\n",
       "      <td>0.884354</td>\n",
       "    </tr>\n",
       "    <tr>\n",
       "      <th>CDD_CITK8</th>\n",
       "      <td>0.248299</td>\n",
       "      <td>0.244898</td>\n",
       "      <td>0.221088</td>\n",
       "      <td>0.238095</td>\n",
       "      <td>0.251701</td>\n",
       "      <td>0.224490</td>\n",
       "      <td>0.241497</td>\n",
       "      <td>0.227891</td>\n",
       "      <td>0.248299</td>\n",
       "      <td>0.248299</td>\n",
       "      <td>...</td>\n",
       "      <td>0.532203</td>\n",
       "      <td>0.544218</td>\n",
       "      <td>0.544218</td>\n",
       "      <td>0.840136</td>\n",
       "      <td>0.666667</td>\n",
       "      <td>0.755102</td>\n",
       "      <td>0.545763</td>\n",
       "      <td>0.880952</td>\n",
       "      <td>0.884354</td>\n",
       "      <td>1.000000</td>\n",
       "    </tr>\n",
       "  </tbody>\n",
       "</table>\n",
       "<p>25 rows × 25 columns</p>\n",
       "</div>"
      ],
      "text/plain": [
       "           CDD_BACSU  CDD_HUMAN  CDD_MYCGE  CDD_MYCPI  CDD_MOUSE  CDD_MYCPN  \\\n",
       "CDD_BACSU   1.000000   0.520548   0.411765   0.477941   0.506849   0.426471   \n",
       "CDD_HUMAN   0.520548   1.000000   0.397260   0.452055   0.815068   0.424658   \n",
       "CDD_MYCGE   0.411765   0.397260   1.000000   0.496241   0.376712   0.676692   \n",
       "CDD_MYCPI   0.477941   0.452055   0.496241   1.000000   0.445205   0.496241   \n",
       "CDD_MOUSE   0.506849   0.815068   0.376712   0.445205   1.000000   0.404110   \n",
       "CDD_MYCPN   0.426471   0.424658   0.676692   0.496241   0.404110   1.000000   \n",
       "CDD_YEAST   0.492958   0.472603   0.443662   0.478873   0.465753   0.415493   \n",
       "CDD_SCHPO   0.492647   0.520548   0.451128   0.496241   0.486301   0.458647   \n",
       "CDD_DICDI   0.503401   0.544218   0.394558   0.448980   0.537415   0.414966   \n",
       "CDD_BACHD   0.654412   0.479452   0.416667   0.488722   0.486301   0.443609   \n",
       "CDD_SPOPS   0.661765   0.520548   0.448529   0.492647   0.513699   0.470588   \n",
       "CDD_AERHH   0.255973   0.249147   0.225256   0.228669   0.255973   0.238908   \n",
       "CDD_ECOK1   0.255102   0.251701   0.234694   0.244898   0.255102   0.231293   \n",
       "CDD_YERPP   0.238095   0.248299   0.224490   0.231293   0.251701   0.214286   \n",
       "CDD_ENT38   0.251701   0.258503   0.231293   0.238095   0.261905   0.224490   \n",
       "CDD_VIBC3   0.267797   0.254237   0.237288   0.230508   0.271186   0.227119   \n",
       "CDD_HAEIE   0.250000   0.267123   0.256849   0.250000   0.246575   0.239726   \n",
       "CDD_HAEIG   0.253425   0.263699   0.253425   0.250000   0.246575   0.239726   \n",
       "CDD_KLEP7   0.251701   0.248299   0.214286   0.227891   0.255102   0.231293   \n",
       "CDD_YERP3   0.238095   0.248299   0.224490   0.231293   0.251701   0.214286   \n",
       "CDD_CROS8   0.248299   0.261905   0.231293   0.231293   0.255102   0.221088   \n",
       "CDD_VIBCB   0.254237   0.261017   0.233898   0.244068   0.267797   0.230508   \n",
       "CDD_ECO24   0.255102   0.251701   0.234694   0.244898   0.255102   0.231293   \n",
       "CDD_ECOHS   0.255102   0.251701   0.238095   0.244898   0.255102   0.231293   \n",
       "CDD_CITK8   0.248299   0.244898   0.221088   0.238095   0.251701   0.224490   \n",
       "\n",
       "           CDD_YEAST  CDD_SCHPO  CDD_DICDI  CDD_BACHD  ...  CDD_VIBC3  \\\n",
       "CDD_BACSU   0.492958   0.492647   0.503401   0.654412  ...   0.267797   \n",
       "CDD_HUMAN   0.472603   0.520548   0.544218   0.479452  ...   0.254237   \n",
       "CDD_MYCGE   0.443662   0.451128   0.394558   0.416667  ...   0.237288   \n",
       "CDD_MYCPI   0.478873   0.496241   0.448980   0.488722  ...   0.230508   \n",
       "CDD_MOUSE   0.465753   0.486301   0.537415   0.486301  ...   0.271186   \n",
       "CDD_MYCPN   0.415493   0.458647   0.414966   0.443609  ...   0.227119   \n",
       "CDD_YEAST   1.000000   0.514085   0.448980   0.436620  ...   0.247458   \n",
       "CDD_SCHPO   0.514085   1.000000   0.469388   0.488722  ...   0.237288   \n",
       "CDD_DICDI   0.448980   0.469388   1.000000   0.482993  ...   0.257627   \n",
       "CDD_BACHD   0.436620   0.488722   0.482993   1.000000  ...   0.257627   \n",
       "CDD_SPOPS   0.457746   0.500000   0.510204   0.625000  ...   0.257627   \n",
       "CDD_AERHH   0.259386   0.232082   0.245734   0.249147  ...   0.542373   \n",
       "CDD_ECOK1   0.238095   0.238095   0.265306   0.255102  ...   0.545763   \n",
       "CDD_YERPP   0.234694   0.224490   0.255102   0.238095  ...   0.572881   \n",
       "CDD_ENT38   0.231293   0.231293   0.255102   0.248299  ...   0.542373   \n",
       "CDD_VIBC3   0.247458   0.237288   0.257627   0.257627  ...   1.000000   \n",
       "CDD_HAEIE   0.253425   0.229452   0.256849   0.239726  ...   0.505085   \n",
       "CDD_HAEIG   0.253425   0.229452   0.256849   0.246575  ...   0.501695   \n",
       "CDD_KLEP7   0.238095   0.231293   0.258503   0.248299  ...   0.545763   \n",
       "CDD_YERP3   0.234694   0.224490   0.255102   0.238095  ...   0.572881   \n",
       "CDD_CROS8   0.234694   0.234694   0.244898   0.248299  ...   0.545763   \n",
       "CDD_VIBCB   0.264407   0.244068   0.261017   0.250847  ...   0.738983   \n",
       "CDD_ECO24   0.244898   0.238095   0.265306   0.251701  ...   0.545763   \n",
       "CDD_ECOHS   0.241497   0.238095   0.265306   0.251701  ...   0.545763   \n",
       "CDD_CITK8   0.241497   0.227891   0.248299   0.248299  ...   0.532203   \n",
       "\n",
       "           CDD_HAEIE  CDD_HAEIG  CDD_KLEP7  CDD_YERP3  CDD_CROS8  CDD_VIBCB  \\\n",
       "CDD_BACSU   0.250000   0.253425   0.251701   0.238095   0.248299   0.254237   \n",
       "CDD_HUMAN   0.267123   0.263699   0.248299   0.248299   0.261905   0.261017   \n",
       "CDD_MYCGE   0.256849   0.253425   0.214286   0.224490   0.231293   0.233898   \n",
       "CDD_MYCPI   0.250000   0.250000   0.227891   0.231293   0.231293   0.244068   \n",
       "CDD_MOUSE   0.246575   0.246575   0.255102   0.251701   0.255102   0.267797   \n",
       "CDD_MYCPN   0.239726   0.239726   0.231293   0.214286   0.221088   0.230508   \n",
       "CDD_YEAST   0.253425   0.253425   0.238095   0.234694   0.234694   0.264407   \n",
       "CDD_SCHPO   0.229452   0.229452   0.231293   0.224490   0.234694   0.244068   \n",
       "CDD_DICDI   0.256849   0.256849   0.258503   0.255102   0.244898   0.261017   \n",
       "CDD_BACHD   0.239726   0.246575   0.248299   0.238095   0.248299   0.250847   \n",
       "CDD_SPOPS   0.260274   0.263699   0.248299   0.241497   0.258503   0.257627   \n",
       "CDD_AERHH   0.525597   0.529010   0.605442   0.585034   0.585034   0.555932   \n",
       "CDD_ECOK1   0.544218   0.540816   0.833333   0.659864   0.734694   0.559322   \n",
       "CDD_YERPP   0.544218   0.540816   0.636054   1.000000   0.683673   0.566102   \n",
       "CDD_ENT38   0.561224   0.561224   0.840136   0.680272   0.765306   0.559322   \n",
       "CDD_VIBC3   0.505085   0.501695   0.545763   0.572881   0.545763   0.738983   \n",
       "CDD_HAEIE   1.000000   0.979452   0.564626   0.544218   0.551020   0.535593   \n",
       "CDD_HAEIG   0.979452   1.000000   0.561224   0.540816   0.547619   0.535593   \n",
       "CDD_KLEP7   0.564626   0.561224   1.000000   0.636054   0.727891   0.569492   \n",
       "CDD_YERP3   0.544218   0.540816   0.636054   1.000000   0.683673   0.566102   \n",
       "CDD_CROS8   0.551020   0.547619   0.727891   0.683673   1.000000   0.555932   \n",
       "CDD_VIBCB   0.535593   0.535593   0.569492   0.566102   0.555932   1.000000   \n",
       "CDD_ECO24   0.544218   0.540816   0.826531   0.666667   0.731293   0.555932   \n",
       "CDD_ECOHS   0.547619   0.544218   0.829932   0.663265   0.731293   0.555932   \n",
       "CDD_CITK8   0.544218   0.544218   0.840136   0.666667   0.755102   0.545763   \n",
       "\n",
       "           CDD_ECO24  CDD_ECOHS  CDD_CITK8  \n",
       "CDD_BACSU   0.255102   0.255102   0.248299  \n",
       "CDD_HUMAN   0.251701   0.251701   0.244898  \n",
       "CDD_MYCGE   0.234694   0.238095   0.221088  \n",
       "CDD_MYCPI   0.244898   0.244898   0.238095  \n",
       "CDD_MOUSE   0.255102   0.255102   0.251701  \n",
       "CDD_MYCPN   0.231293   0.231293   0.224490  \n",
       "CDD_YEAST   0.244898   0.241497   0.241497  \n",
       "CDD_SCHPO   0.238095   0.238095   0.227891  \n",
       "CDD_DICDI   0.265306   0.265306   0.248299  \n",
       "CDD_BACHD   0.251701   0.251701   0.248299  \n",
       "CDD_SPOPS   0.251701   0.251701   0.244898  \n",
       "CDD_AERHH   0.602041   0.605442   0.581633  \n",
       "CDD_ECOK1   0.993197   0.996599   0.887755  \n",
       "CDD_YERPP   0.666667   0.663265   0.666667  \n",
       "CDD_ENT38   0.863946   0.867347   0.884354  \n",
       "CDD_VIBC3   0.545763   0.545763   0.532203  \n",
       "CDD_HAEIE   0.544218   0.547619   0.544218  \n",
       "CDD_HAEIG   0.540816   0.544218   0.544218  \n",
       "CDD_KLEP7   0.826531   0.829932   0.840136  \n",
       "CDD_YERP3   0.666667   0.663265   0.666667  \n",
       "CDD_CROS8   0.731293   0.731293   0.755102  \n",
       "CDD_VIBCB   0.555932   0.555932   0.545763  \n",
       "CDD_ECO24   1.000000   0.996599   0.880952  \n",
       "CDD_ECOHS   0.996599   1.000000   0.884354  \n",
       "CDD_CITK8   0.880952   0.884354   1.000000  \n",
       "\n",
       "[25 rows x 25 columns]"
      ]
     },
     "execution_count": 1,
     "metadata": {},
     "output_type": "execute_result"
    }
   ],
   "source": [
    "import numpy as np\n",
    "import pandas as pd\n",
    "import subprocess\n",
    "from Bio import pairwise2\n",
    "import tqdm\n",
    "tlp = \"/Users/john/data/deaminase/{}\"\n",
    "df = pd.read_json(tlp.format(\"index_af.json\"),lines=True)\n",
    "limit =25\n",
    "sequences=[ s for s in df[\"uniprotSequence\"].values][:limit]\n",
    "accessions=[ s for s in df[\"uniprotAccession\"].values][:limit]\n",
    "# 初始化相似度矩阵\n",
    "n = len(sequences)\n",
    "gnames=[v for v in df[\"uniprotId\"].values][:limit]\n",
    "\n",
    "def simseq(i, j):\n",
    "    s1, s2 =sequences[i],sequences[j]\n",
    "    alignments = pairwise2.align.globalxx(s1, s2)\n",
    "    alignment = alignments[0]\n",
    "    score = alignment[2]\n",
    "    similarity = score / max(len(s1), len(s2))\n",
    "    return similarity\n",
    "\n",
    "\n",
    "def simpdb(i, j):\n",
    "    pdb1 = tlp.format(f\"pdbs/{accessions[i]}.pdb\")\n",
    "    pdb2 = tlp.format(f\"pdbs/{accessions[j]}.pdb\")\n",
    "    cmd = ['TMalign', pdb1, pdb2]\n",
    "    result = subprocess.run(cmd, capture_output=True, text=True)\n",
    "    output = result.stdout\n",
    "    for line in output.split('\\n'):\n",
    "        if 'TM-score=' in line and 'if normalized by length of Chain_2' in line:\n",
    "            return line.strip().split()[1]\n",
    "    return 0\n",
    "    \n",
    "\n",
    "\n",
    "similarity_matrix = np.zeros((n, n))\n",
    "\n",
    "# 计算两两之间的相似度\n",
    "for i in tqdm.tqdm(range(n)):\n",
    "    for j in range(i, n):\n",
    "        if i == j:\n",
    "            similarity_matrix[i, j] = 1.0\n",
    "        else:\n",
    "            similarity=simseq(i,j)\n",
    "            similarity_matrix[i, j] = similarity\n",
    "            similarity_matrix[j, i] = similarity\n",
    "\n",
    "# 打印相似度矩阵\n",
    "correlations = pd.DataFrame(data={gnames[i]:similarity_matrix[:][i] for i, g in enumerate(gnames)})\n",
    "correlations.index=gnames\n",
    "correlations"
   ]
  },
  {
   "cell_type": "code",
   "execution_count": 2,
   "id": "c716bc70",
   "metadata": {},
   "outputs": [
    {
     "data": {
